206216871205000000568600000038
0017250787120500024342062200000004571086002345
0017250787120500519932062220000009671144004788
0017250787120500977115062290000004971001009327
0017250787120500476971062230000005170970011935
0017250287120500870803062270000004571089026048
0017250287120500878553062290000001471179026093
0017250287120501085735062220000015170829026264
0017250287120500423067062200000004570947026330
0017250287120500856651062200000006670997026337
0017250287120500437806062240000005970905026338
0017250287120400956409062280000008971165026493
0017250287120500478292062220000006171132026664
0017250287120500685815062210000003571110042247
0017250287120500840212062280000018471046042304
0017250287120500978279062240000049171035042393
0017250287120501107405062260000002071109066948
0017250287120501088454062220000004771175066949
0017250287120500548229062250000003671097066951
0017250287120501058943062260000009771107066982
0017250287120501054123062240000006771169076550
0017250287120501000985062200000002971197076588
0017250287120500985556062220000002171157076599
0017250287120500432480062270000002471115076715
0017251487120500828627062220000138671194081396
0017250287120501065357062230000006571159082855
0017250287120500811508062240000013271190082890
0017250287120500846874062210000009171171083027
0017250287120500851199062240000023570621083029
0017250287120500848231062290000003571110083029
0017250287120501065067062220000095471187083035
0017250287120500849629062210000008971168083089
0017250287120501085382062240000002571176083090
0017250287120500850209062220000005670940083095
0017251487120500720639062210000003671170121009
0017251487120500635679062230000024970939126486
0017251487120500650424062220000005570990145772
0017251487120500500759062230000042371101157551
0017251487120500533241062230000003370996158624
